277.5873961228102 134.56491323407357 206.99008899999998 91.08413600000003 186.47102887718978 124.39978676592645 257.06833600000004 167.88056400000002 Window 0
272.75039014494035 212.87971227327512 207.65779899999998 179.489326 189.2473237818271 215.37946294998028 254.33991492676745 248.7698492232554 Window 0
258.76726444156594 263.3119924766134 208.52037251043842 262.5292601266149 207.4891540688725 328.72752265000145 257.736046 329.51025500000003 Window 0
258.06487132950366 356.9143619655198 207.65779900000007 355.40672500000016 205.99355367049645 411.04991803448047 256.400626 412.5575550000001 Window 0
257.77619786135966 442.75186913494287 206.3223790000001 442.0259520000001 205.61451713864048 492.1999928650573 257.06833600000004 492.9259100000001 Window 0
257.801754209688 535.8458872628072 206.9900890000001 534.896051 206.25667079031217 574.130392737193 257.06833600000004 575.0802290000001 Window 0
343.53008141393383 141.55667854642064 311.152843 141.09111200000004 310.3117515933364 199.58375330085957 342.68899000727015 200.04931984728017 Window 0
342.535211 222.35244900000004 309.817423 222.35244900000004 309.817423 279.503279 342.535211 279.503279 Window 0
345.87376100000006 352.72778000000005 344.0458585145018 298.94659280893165 309.1527947099124 300.1325301484787 310.9806971954107 353.913717339547 Window 0
344.1808897850745 367.04235244750714 307.8142930000001 365.2295240000001 304.8331942149256 425.032434552493 341.199791 426.84526300000005 Window 0
343.20292100000006 501.855728 342.4894849749767 453.19485538789877 311.15312999532154 453.65428990551663 311.8665660203449 502.315162517618 Window 0
381.46909856816086 432.3831001370137 359.2279600000001 431.3101720000001 357.68583043183935 463.2775668629865 379.9269690000001 464.350495 Window 0
380.74417737792663 357.16576658659454 359.8956700000001 356.2997070000001 358.4107516220735 392.04589841340567 379.2592590000001 392.91195800000014 Window 0
382.76353424519726 282.4737413757445 361.23109000000005 280.396261 357.72681475480283 316.7169946242555 379.25925900000004 318.79447500000003 Window 0
379.25925899999993 206.27877800000005 359.89567 206.27877800000005 359.89567 251.82084600000002 379.25925899999993 251.82084600000002 Window 0
419.98956699999997 243.78401 416.0613120284488 193.87511464594866 392.6257909688661 195.71968967531217 396.5540459404173 245.6285850293635 Window 0
419.0674415814216 263.4310033484219 393.94887900000003 262.53662600000007 392.20016441857854 311.64922565157826 417.3187270000001 312.5436030000001 Window 0
419.321857 333.975164 394.616588 333.975164 394.616588 375.9453050000001 419.321857 375.9453050000001 Window 0
418.7440579439916 400.4836545854722 395.28429800000004 400.055811 394.52667705600845 441.59810841452787 417.986437 442.0259520000001 Window 0
419.98956700000014 470.601367 392.6134590000001 470.601367 392.6134590000001 505.427655 419.98956700000014 505.427655 Window 0
417.99466814626186 538.9976904880752 394.61658800000004 538.467978 393.9098020078006 569.6609363384589 417.2878821540624 570.1906488265341 Window 0
466.0615550000001 540.253942 436.6823160000001 540.253942 436.6823160000001 567.936375 466.0615550000001 567.936375 Window 0
466.0831438522854 477.3795027836161 442.0239960000001 475.959258 439.9992771477148 510.2582822163839 464.05842500000006 511.67852700000003 Window 0
465.0941320538985 417.6956161194663 441.3562860000001 416.12948200000005 438.98515894610165 452.0685808805338 462.723005 453.6347150000001 Window 0
466.3089491556914 352.32600755616545 440.688576 351.834798 439.7734708443087 399.5646014438346 465.39384400000006 400.05581100000006 Window 0
465.39384400000006 293.79098700000003 439.353156 293.790987 439.353156 333.08218200000005 465.39384400000006 333.0821820000001 Window 0
464.3479766981181 235.31974206573773 440.68857600000007 234.85419300000012 439.8542658877005 277.2541862684053 463.51366658581856 277.71973533414297 Window 0
486.09285300000005 173.23845400000005 417.318727 173.23845400000005 417.3187270000001 580.438119 486.0928530000001 580.438119 Wall 0
434.7441277445939 184.7788081895926 299.668232 90.01277200000003 279.09451070003786 119.33777012308508 414.1704064446318 214.10380631267768 Wall 0
394.6571006865064 585.8790657346909 391.59341208240517 160.91270281945606 304.26268279175633 161.54229184923292 307.32637139585745 586.5086547644678 Wall 0
308.9711787116187 10.282935364269392 152.237872 10.175812000000018 151.83724637429563 596.3353253642002 308.5705530859143 596.4424487284696 Wall 0