403.2196147280646 59.48466199811595 249.70238099999995 45.53571400000003 242.35650970799713 126.38179932650645 395.8737434360617 140.3307473246224 window 0
406.7826897098701 246.39796350902247 238.69047600000002 235.04464300000006 231.9382473595189 335.01513698470575 400.03046106938893 346.36845749372816 window 0
410.017292146082 457.34145217815876 226.13427284477677 452.1550083202429 222.6190480000001 576.7857140000001 406.50206730130543 581.9721578579159 window 0
84.95370400000002 28.819443999999997 2.220446049250313e-15 19.444444 -9.384139716676998 104.48096963042377 75.56956428332302 113.85596963042376 window 0
63.65740800000003 223.611111 2.842170943040401e-14 219.965278 -5.904469086033496 323.0591930622163 57.7529389139665 326.70502606221635 window 0
35.879630000000056 448.61111100000005 5.684341886080802e-14 447.222222 -5.025731712749529 577.0536155330478 30.85389828725047 578.4425045330479 window 0
559.722222 117.96875000000003 555.2137381320595 45.83299621055204 521.875 47.916667 526.3834838679405 120.05242078944798 window 0
640.1530393184537 164.15410188903803 639.5833330000002 59.114582999999996 601.8796397004131 59.31907777043493 602.4493460188667 164.358596659473 window 0
577.083333 285.416667 567.654448782148 198.29377052704393 530.1529007066746 202.35237933263625 539.5817849245267 289.47527580559233 window 0
590.972222 478.125 583.3537109250176 375.54718113871763 545.138889 378.3854170000001 552.7574000749823 480.96323586128244 window 0
639.9305560000001 263.5416670000001 618.7998980372028 263.46274746574994 618.43888912346 360.12266760217415 639.5695470862573 360.20158713642434 window 0
625 3.827021247335479e-14 0 0 3.857637417314163e-14 630 625 630 wall 0