493.1547619999999 124.77678600000004 491.6746004685349 113.23911359216794 467.24337043579163 116.37338241022621 468.7235319672567 127.91105481805832 window 0
433.630952 132.14285700000005 432.1869558155968 120.67840184803048 392.559524 125.66964300000001 394.0035201844032 137.13409815196957 window 0
350.20269594610045 142.07664047151872 349.0430849008477 130.61695527926824 310.4475319547473 134.52245780774956 311.60714300000006 145.98214300000004 window 0
239.9877234196465 154.03268418904122 238.988095 143.52678600000002 196.9170385803535 147.5298158109588 197.91666700000002 158.035714 window 0
155.78999980382275 163.61156626205377 154.761905 153.125 104.62666719617727 158.04021973794625 105.65476200000003 168.52678600000002 window 0
503.86904799999996 169.19642899999997 502.6074609277291 154.2442815485619 476.1343742841691 156.47794758088887 477.3959613564399 171.43009503232693 window 0
440.17857100000003 175.00000000000003 438.6907823515091 160.41967217792956 394.94078235150903 164.88395817792957 396.42857100000003 179.46428600000002 window 0
350.6770284641564 184.07245422936649 349.67020061117915 171.70285493881497 310.30269614702274 174.90718670944847 311.309524 187.27678599999996 window 0
232.94751434147662 196.09025317197006 232.142857 182.142857 187.4969283219437 184.71858323842434 188.30158566342038 198.6659794103944 window 0
226.026510916949 243.31517609624262 225 226.78571400000004 174.86634608305096 229.8991089037574 175.892857 246.428571 window 0
143.08138471918465 203.93278766227948 141.56574724977625 190.39309325243354 88.96055253059157 196.2817345901541 90.47619 209.821429 window 0
216.7662979778691 297.81500992072023 215.17857099999998 276.1160709999999 160.91227302213088 280.0867750792797 162.49999999999997 301.785714 window 0
518.75 220.08928599999996 516.7422601070925 201.14445389280314 487.15915451711294 204.27961924623642 489.1668944100203 223.22445135343327 window 0
448.51190499999996 225 446.9149615525081 207.51766975091817 400.48638955250806 211.75874075091815 402.0833329999999 229.24107099999998 window 0
351.8949286979238 233.08778868982643 349.9864888862646 215.27568226104196 303.8878132670873 220.21482565590878 305.7962530787464 238.02693208469324 window 0
352.585459976395 291.65904091194926 351.146842811665 267.1126522302894 301.79386336504797 270.00513650906714 303.2324805297779 294.551525190727 window 0
455.95238100000006 284.598214 454.6115670304235 261.4949601836172 404.4582916431775 264.40564163107433 405.79910561275403 287.5088954474571 window 0
530.9523809999998 276.11607100000003 529.3817389137583 256.22127217913805 498.50821804094824 258.65865552088076 500.0788601271898 278.55345434174274 window 0
465.1785709999999 353.57142899999997 464.0622572221633 323.80302491634546 408.3333329999999 325.892857 409.4496467778366 355.6612610836545 window 0
351.4227576074424 358.4142334162005 350.2892846905414 329.69957810091944 297.676051083099 331.7764156847188 298.809524 360.4910709999999 window 0
480.059524 438.16964300000006 479.7863173747083 399.7385285462768 414.57842234885095 400.20209118804826 414.8516289741427 438.6332056417716 window 0
205.50697201178113 363.571009361699 204.46428599999996 336.38392899999997 145.08826598821884 338.661133638301 146.13095199999998 365.848214 window 0
193.59165906097405 444.6120837961929 193.452381 403.57142899999997 118.61223694677679 403.82541106238466 118.75151500775087 444.8660658585776 window 0
501.99065501374554 504.9897798601502 422.91666700000013 502.45535700000005 421.2236309862547 555.2780771398501 500.2976190000001 557.8125000000002 window 0
352.93971145437104 500.00590238987513 286.55213544012224 499.30462502727084 285.9933759857513 552.2005086373958 352.3809520000001 552.9017860000001 window 0
170.24577400000004 498.214286 91.67434500000006 498.214286 91.67434500000006 546.875 170.24577400000004 546.875 window 0
74.87118022806263 445.82636406021805 72.83503440507779 407.23589367321676 -2.0361458229848317 411.18631561299867 0 449.77678599999996 window 0
66.30860302383263 172.75602431577494 65.4678812362148 161.94674403552798 19.39737321238217 165.53000571975304 20.238095 176.33928599999996 window 0
47.59775211272409 213.78734115518353 47.02381 199.55357100000003 1.950205533800358 201.37105431562037 2.52414764652445 215.60482447080386 window 0
130.6800140692306 251.4421423761573 129.464286 234.15178599999996 73.78427193076939 238.06678662384263 75 255.357143 window 0
27.47245685713324 258.9315280764591 26.179108437929507 243.16499500558234 -0.9957294192037267 245.39418092912325 0.29761900000000097 261.16071400000004 window 0
113.22240254846405 297.80244484361407 112.2008786241116 283.46105082186216 53.14514307564755 287.66753497824806 54.166667 302.00892899999997 window 0
93.92017519622775 368.97590963048106 92.85714299999998 342.18750000000006 25.425062803772253 344.8633763695192 26.488095000000005 371.651786 window 0
36.30952400000006 501.56249999999994 6.217248937900877e-14 500.66964299999995 -1.0673456955067362 544.0750417898413 35.242178304493265 544.9678987898413 window 0
351.6700769467029 440.6143692662007 351.25000000000006 403.4375 294.9965900532971 404.0731307337994 295.41666699999996 441.25000000000006 window 0
547.083333 331.87500000000006 532.9477074269341 280.9867479369628 502.90472810315185 289.33201997134677 517.0403536762177 340.22027203438404 window 0
567.5 412.1875 550.475449493776 348.3454356016597 519.5885203443983 356.58195004149377 536.6130708506223 420.4240144398341 window 0
588.333333 485.0000000000001 571.6712152473438 424.6593293308082 534.9449663603291 434.80069960035064 551.6070841129854 495.14137026954256 window 0
639.5833330000002 8.08242361927114e-14 1.0748330700178035 -4.601862326260501 -3.091832929982342 573.5231376737395 635.4166670000001 578.1250000000001 wall 0