507.4898941118512 175.5771210897484 504.98536920645745 160.36445141275703 461.0371420946063 167.59983032300863 463.54166699999996 182.81250000000006 window 0
422.916667 192.96875000000006 419.791667 175.78125000000006 383.6749996879999 182.34791678400006 386.7999996879999 199.53541678400006 window 0
512.6762820461538 215.86338136923075 510.9375 201.953125 465.9695509538461 207.57411863076922 467.708333 221.48437499999997 window 0
518.75 266.40625 516.7854225409878 247.86869846292825 468.86875554098776 252.94682346292825 470.8333329999999 271.484375 window 0
524.7714907105665 326.54079279390737 522.9138107849199 301.52403630334373 469.6762760522477 305.47731856042236 471.5339559778944 330.494075050986 window 0
533.854167 367.1875000000001 475.520833 367.1875000000001 475.520833 398.8281250000001 533.854167 398.8281250000001 window 0
549.744857854101 450.03121758924874 482.81742364893535 449.60940603140074 482.55173279483427 491.76568844215194 549.479167 492.18750000000006 window 0
620.3125 378.90625 606.9196224941743 331.303306276723 579.3078415601423 339.07175862111774 592.700719065968 386.67470234439475 window 0
640 469.14062499999994 634.9427831506582 401.0405977010204 596.3541670000001 403.90625 601.4113838493419 472.0062772989795 window 0
570.4155895709833 563.9382650336388 481.25 560.9375 479.06357742901673 625.9054849663611 568.229167 628.9062499999999 window 0
410.51438119675515 555.402978357635 342.0549900671961 549.4622873604251 337.26977587044104 604.6061840027901 405.7291670000001 610.546875 window 0
232.29166700000002 539.453125 178.26171014453496 524.9289423059681 163.54166700000002 579.6875000000001 217.57162385546508 594.211682694032 window 0
118.22916700000005 532.8125 45.94865584204376 528.7593872490304 43.52674684506552 571.9500979534796 115.80725800302179 576.0032107044492 window 0
410.416667 446.875 355.208333 446.875 355.20833300000004 487.5 410.4166670000001 487.5 window 0
414.55802289916846 403.3820328742205 413.541667 371.875 361.0635127640333 373.5678436850311 362.07986866320175 405.0748765592516 window 0
419.61844581597774 332.1655531497891 417.5725650352379 310.6838118261785 365.66245221926016 315.62763367638945 367.708333 337.10937500000006 window 0
417.82908704840764 277.339437355414 417.1875 259.375 373.31674595159234 260.941812644586 373.958333 278.90625 window 0
420.8810116983205 228.70188116118865 419.2708329999999 216.01562499999997 383.80648830167945 220.51686883881132 385.41666699999996 233.203125 window 0
319.3869384507482 206.66584040911928 318.229167 198.046875 280.6130615492518 203.09978459088074 281.770833 211.71875 window 0
309.1981313114447 243.92955558161356 308.33333300000004 233.984375 269.96853468855534 237.3204444183865 270.833333 247.26562500000006 window 0
301.6045859899081 289.8465066821531 300.52083300000004 272.26562500000006 256.20791401009194 274.99724331784694 257.2916670000001 292.578125 window 0
290.70843026475313 341.9054887532116 289.204545 321.306818 238.64762973524682 324.99792024678857 240.151515 345.59659100000005 window 0
275.3779562471468 404.9472410377665 274.810606 379.119318 221.97052875285317 380.28003196223347 222.53787899999998 406.10795499999995 window 0
261.174242 444.0340909999999 191.76611136855735 443.8588172698013 191.66560660244056 483.65855182107026 261.0737372338832 483.8338255512689 window 0
246.030967549024 218.59068220784852 244.675926 209.89583299999998 204.66347745097593 216.1315397921515 206.01851899999997 224.826389 window 0
172.07797969037358 231.38282344204396 170.83333299999998 222.222222 133.47757530962645 227.29773155795607 134.722222 236.45833299999998 window 0
105.5808167934278 240.26254925679717 105.092592 233.68055600000002 79.14140520657219 235.60550674320294 79.62963 242.18750000000006 window 0
53.35113955655114 250.1308765842773 52.314815 241.840278 24.195156443448866 245.35523441572275 25.231481 253.64583299999998 window 0
29.902420246279064 285.4218615238101 28.935184999999997 273.958333 0.19017275372093678 276.3836934761899 1.1574080000000002 287.847222 window 0
85.4932455633262 276.9375527846571 84.49074100000001 265.79861100000005 52.006754436673816 268.722169215343 53.009259 279.86111100000005 window 0
154.4127220848981 267.584212260264 153.472222 256.42361099999994 116.64243310827929 259.5272448250671 117.58293319317741 270.68784608533116 window 0
233.07643823216506 251.9537319804063 230.05154515515596 240.66079707122572 187.09461459188915 252.16711698853527 190.11950766889822 263.46005189771586 window 0
217.92561150570373 299.39707063383287 216.66666700000002 284.20138900000006 169.57438849429633 288.1029293661672 170.83333300000004 303.298611 window 0
134.54445030313707 308.5978928415856 133.333333 294.4444439999999 89.76110469686296 298.17294015841435 90.97222200000002 312.326389 window 0
112.70085340743906 355.00711971554506 111.574074 336.631944 62.993590592560935 339.61093528445485 64.12037 357.98611100000005 window 0
84.09951352271403 411.5522830493047 83.33333299999998 387.32638899999995 31.486538673831326 388.9661222497626 32.25271919654537 413.1920162990674 window 0
178.58574862740204 407.6502276382347 177.54629600000004 383.333333 120.95128837259799 385.7525493617653 121.99074100000001 410.06944400000003 window 0
155.55555600000005 445.4861110000001 84.23335624395375 444.62680670269503 83.794103824876 481.08472839008846 155.1163035809223 481.9440326873935 window 0
51.388889000000056 448.4375 0.10930170573382592 448.04505442683205 -0.1228806583451294 478.3835691688055 51.1567066359211 478.7760147419733 window 0
61.86890543903735 316.0675968140974 60.63499999999999 302.083333 26.29924256096264 305.1129581859026 27.533148 319.097222 window 0
34.863325515054825 360.69779181276533 33.551667 344.618056 -1.030293964934529 347.4389806778135 0.2813645501202977 363.5187164905787 window 0
199.65392793696043 342.3548477619055 198.59796299999996 328.6458329999999 148.93088706303956 332.47154123809446 149.986852 346.180556 window 0
638.541667 640 637.5000000000001 2.3437499999999996 0.09512174302968636 3.3850063623727493 1.1367887430296004 641.0412563623727 wall 0