140.97728854732955 22.235478249899437 113.5514805930269 14.645947052729296 102.03847804569736 56.249754802829884 129.464286 63.839286000000016 window 0
113.20670694980734 123.89166753273324 83.53044378031382 114.96939239960068 68.83564183050648 163.84558186686743 98.51190500000001 172.767857 window 0
77.51295273809998 242.63405362892763 45.20126285179093 233.8609406659126 27.807358113690967 297.92331603698506 60.11904800000002 306.6964290000001 window 0
37.50000000000006 388.839286 2.380952000000036 379.24107100000003 -20.093362855136178 461.4726674129412 15.025685144863843 471.0708824129412 window 0
115.77381000000004 446.875 62.53667782028096 434.75597763366295 34.52381000000007 557.8125 87.76094217971915 569.931522366337 window 0
338.3928570000001 363.839286 240.17489384467348 355.035435445079 227.38095200000006 497.767857 325.5989151553267 506.5717075549211 window 0
158.333333 270.3125 115.17041238599415 259.16714530825715 89.58333300000001 358.25892899999997 132.74625361400587 369.4042836917429 window 0
204.48382290793865 160.9552244184979 188.392857 135.04464300000004 115.45665309206137 180.33941858150214 131.547619 206.25 window 0
222.85480329180078 38.579214162930924 212.20238099999995 23.660714000000027 152.4428157081992 66.33149983706915 163.095238 81.25000000000003 window 0
384.68462709987864 46.4744181593623 365.1785709999999 13.839286000000016 264.42251490012126 74.06129684063772 283.9285709999999 106.69642900000001 window 0
378.49956686031527 216.44080862296937 353.568274 165.17857099999998 236.37507613968472 222.1752623770306 261.306369 273.4375 window 0
674.9070133529372 374.8725619896376 639.8740479999999 251.142902 500.6744156470629 290.55605401036235 535.707381 414.285714 window 0
675.1922152949078 73.03368074419146 640.0000000000001 1.7866960000000347 481.46754670509233 80.09328325580864 516.659762 151.34026800000007 window 0
631 3.8637606513098996e-14 0 0 3.8821303532971105e-14 634 631 634 wall 0