195.138889 1.792321615461038e-14 97.569444 1.1948810728918693e-14 97.569444 24.218750000000018 195.138889 24.21875000000002 window 0
411.11111100000005 4.5073805795147603e-14 325 3.980102097228898e-14 325 36.71875000000005 411.11111100000005 36.71875000000006 window 0
196.69017117851809 98.51561227034672 96.875 93.489583 93.56847254115056 159.15605379808193 193.38364371966864 164.18208306842865 window 0
196.88269484851259 238.24514419101712 95.49490144622668 237.75711661919715 95.13888900000003 311.71874999999994 196.52668240228596 312.2067775718199 window 0
422.569444 241.40625000000006 332.63888899999995 241.40625000000006 332.63888899999995 311.197917 422.569444 311.197917 window 0
418.6918105935044 108.61727200664862 329.1666670000001 104.68750000000003 326.3995740526916 167.72535385647217 415.92471764619586 171.65512586312076 window 0
609.5587539899859 0.019510109840757295 532.3078582834257 -0.7810822010780338 531.8141732934398 46.85565768908128 609.065069 47.65625000000007 window 0
621.8714839614863 118.69290484160643 537.1900690000001 114.84375000000007 534.4137233571033 175.92336023582416 619.0951383185895 179.7725150774305 window 0
631.2872920000001 313.28125 631.0718346481208 246.34591817622044 547.6067360000001 246.61458300000007 547.8221933518794 313.5499148237796 window 0
193.7652546506448 468.84644431202935 193.05555599999997 391.66666699999996 90.26252334935515 392.61188968797063 90.97222199999999 469.791667 window 0
640 3.9188697572715304e-14 0 0 3.3555322296637475e-14 548 640 548 wall 0