643.373540854211 135.95093179214572 639.583333 74.99999999999997 547.5308322598348 80.72424573417422 551.3210401140458 141.67517752631994 window 0
644.4690723724888 299.68700004782033 639.9580136233034 220.69334283455044 568.452381 224.77678599999996 572.9634397491853 303.77044321326986 window 0
639.880952 410.71428600000013 594.940476 410.71428600000013 594.940476 517.870848 639.880952 517.870848 window 0
420.837798 518.7500000000001 419.5066190453729 417.04793394943556 248.97090404537283 419.28007694943545 250.302083 520.9821430000001 window 0
415.22017609068894 308.257418785651 412.20684500000004 234.15178599999996 263.95541890931105 240.18008121434906 266.96875 314.28571400000004 window 0
410.421131 148.66071400000004 407.7739636395995 93.52661350567726 272.95253463959955 99.99982850567721 275.59970200000004 155.133929 window 0
405.95684499999993 19.642857000000003 404.06755830847976 -7.536354479021462 282.04374930847985 0.9457885209785353 283.933036 28.125 window 0
92.85714300000006 427.6785709999999 0.3130705630815225 426.8485794481769 -0.5950943759721214 528.1089859184037 91.94897806094642 528.9389774702267 window 0
128.47911673028688 321.810648877776 125.89285699999999 248.4375 -2.5862597302868657 252.96613712222404 0 326.339286 window 0
153.88345506652965 164.72462190792842 150.59523800000002 112.49999999999999 15.759401933470382 120.98966409207154 19.047619 173.21428599999996 window 0
171.66338268409132 39.518847453990304 169.19113240586563 -2.6271334607360837 51.39679772177426 4.282590085273615 53.86904799999999 46.428571 window 0
640 3.9188697572715304e-14 0 0 3.759665673382374e-14 614 640 614 wall 0