603.125 112.760417 601.8874297431906 92.9592928910506 547.569444 96.35416699999999 548.8070142568093 116.1552911089494 window 0
583.1070483253924 169.23109302540462 581.944444 147.91666699999996 562.847222 148.95833299999998 564.0098263253924 170.27275902540464 window 0
494.44444400000003 118.229167 493.07535827183665 99.19235434907038 442.01388900000006 102.86458300000001 443.38297472816345 121.90139565092963 window 0
389.930556 124.479167 388.7642778171012 105.30037017308541 337.3753888171012 108.42537017308541 338.541667 127.604167 window 0
505.902778 174.21875 504.61845251953275 151.95710820157296 448.26388899999995 155.208333 449.5482144804673 177.46997479842705 window 0
518.402778 239.0625 517.5484698546567 211.5619188083862 455.1908298315017 213.4990647699563 456.04513797684496 240.9996459615701 window 0
534.0277780000001 311.71875 533.1882658666567 277.76514786406125 465.97222200000004 279.42708300000004 466.8117341333435 313.3806851359388 window 0
551.736111 397.135417 550.9534359198708 356.64501588922093 477.0833329999999 358.07291699999996 477.8660080801292 398.56331811077905 window 0
408.333333 359.375 340.972222 359.375 340.972222 398.4375 408.333333 398.4375 window 0
403.47222200000004 314.06250000000006 403.05176903265124 280.4262626120919 339.9203579406344 281.21540525074204 340.34081090798327 314.8516426386502 window 0
397.9166670000001 242.96875000000003 397.2887722242042 215.84368874160367 339.91210928933947 217.17185189545643 340.5400040651353 244.29691315385276 window 0
394.444444 180.20833300000004 393.50873303322294 156.1917593045019 339.8879280220857 158.28088225486425 340.82363898886274 182.2974559503624 window 0
287.38418595266296 130.11255536586933 286.45833300000004 111.458333 237.30636904733703 113.8978606341307 238.232222 132.552083 window 0
188.454678701487 135.34689414358158 188.0207450372256 116.68773491619692 140.2288443357386 117.79917377261535 140.662778 136.458333 window 0
91.10992058570307 138.68301820445205 90.66277800000002 120.05208300000001 42.29896841429694 121.21281479554797 42.746111 139.84375000000003 window 0
76.20633865677816 191.89119205134077 76.079444 170.57291700000002 26.29977234322183 170.86922494865928 26.426667 192.18750000000003 window 0
59.20223648665265 253.0919372291243 59.065556 228.125 5.456652513347345 228.41847977087568 5.593333 253.38541700000002 window 0
285.8857076435041 184.2975937475667 285.0882021554321 161.96744445643813 231.87916151192803 163.8677677088714 232.676667 186.19791700000002 window 0
179.60717144772033 190.08675552407763 179.48165688932502 167.15937056199706 128.7317074416047 167.43719803791944 128.85722200000004 190.36458299999998 window 0
168.27997905762777 250.7358761779857 167.85723995311548 223.11692116947785 113.85114989548765 223.94354499149216 114.273889 251.5625 window 0
156.88363920430854 319.70007997832727 156.25337672330696 286.9264097894103 97.32418151899839 288.059662811083 97.95444399999997 320.833333 window 0
279.84283267279693 316.497480278915 278.4903611528611 283.63743175472007 217.43530648006413 286.15036847580507 218.78777799999995 319.010417 window 0
144.63898918601356 401.47516393342136 144.13499999999996 362.49999999999994 76.9643438139864 363.36858606657864 77.468333 402.34375000000006 window 0
274.51431598960727 401.0291722864034 274.3433329999999 360.677083 209.93623901039263 360.94999371359654 210.107222 401.302083 window 0
416.7044440000001 498.43750000000006 416.1707165480316 447.91130144136986 341.704444 448.697917 342.2381714519686 499.2241155586302 window 0
269.829444 447.135417 195.63671557886937 445.98216287686176 194.82657129090745 498.1014780674509 269.0192997120381 499.25473219058915 window 0
129.23898686786194 496.8003211361449 128.857222 448.6979170000001 53.82267913213806 449.2934288638553 54.20444400000001 497.39583300000004 window 0
41.00618100000004 290.364583 3.5591297600219956e-14 290.364583 3.761642969734576e-14 323.4375 41.00618100000004 323.4375 window 0
18.783958000000055 365.10416699999996 2.151466984101546 359.16956935954005 -4.445755015898442 377.65915235954003 12.186736000000067 383.59375 window 0
577.083333 447.6562500000001 490.625 447.6562500000001 490.62500000000006 499.2187500000001 577.083333 499.2187500000001 window 0
633.3333330000002 526.5625000000001 630.2083330000002 60.15625000000001 0.07016436368942208 64.3782812806453 3.1951643636894156 530.7845312806454 wall 0