169.29343899181652 73.73349483070102 91.071429 60.04464300000001 84.86691114675455 95.49903052010481 163.0889211385711 109.18788235080582 window 0
170.5511473704121 163.0302156729759 88.98809500000002 150.89285700000002 82.46294534938093 194.74186377469476 164.02599771979305 206.87922244767066 window 0
335.2878611788165 103.97304334557018 263.726905 91.07142900000002 257.4472584795999 125.90253597841523 329.0082146584165 138.80415032398537 window 0
479.1927653385008 131.12832181812635 411.345952 117.63392900000005 404.77854868989834 150.65337585503755 472.6253620283991 164.14776867316385 window 0
346.1313627528925 188.8760395141441 271.76261900000003 179.01785700000005 266.44149424710764 219.159674485856 340.81023800000014 229.01785700000008 window 0
172.66001312403336 264.4680970529075 86.64357100000004 254.91071400000004 80.97338337462824 305.9423994530414 166.98982549866156 315.49978250594893 window 0
358.38850789712 285.2673181053598 279.79833300000007 276.339286 274.28766648447896 324.84765157750644 352.87784138159896 333.7756836828662 window 0
519.2811492875858 304.7998248545565 446.465 295.98214300000006 441.0925497299751 340.34767436696774 513.9086990175609 349.1653562215242 window 0
496.5025632703194 213.1870767933106 427.714345 201.78571400000007 421.32766142563696 240.3187027050444 490.1158796959564 251.72006549835493 window 0
175.96241600215512 379.61667800073326 83.07035700000006 372.767857 78.49393377695247 434.83888732896565 171.38599277910754 441.6877083296989 window 0
177.713214 586.3839290000001 176.8361225938654 508.7320732088857 78.02659859386546 509.84814420888574 78.90369000000001 587.5 window 0
386.3441670000002 515.401786 302.1179760000001 515.401786 302.1179760000001 585.044643 386.3441670000002 585.044643 window 0
372.12521948598067 393.9138178684647 289.617976 388.169643 285.6214097976228 445.5748697415584 368.12865328360346 451.3190446100231 window 0
540.6939783791131 407.87912825808735 466.3194440000001 401.82291700000013 461.9830445321699 455.07695282496024 536.357578911283 461.1331640830474 window 0
566.666667 586.458333 565.8891440903676 520.455276562748 489.58333300000004 521.3541669999998 490.3608559096324 587.3572234372518 window 0
605.0676505526955 153.02293174126382 547.2222220000001 143.75000000000006 542.1545714473048 175.36248525873634 600.0000000000001 184.63541700000007 window 0
630.6303327430502 234.1663942429999 568.75 223.69791700000007 562.7010313468242 259.4540431606695 624.5813640898743 269.92252040366935 window 0
640.1098195719417 313.97921049704775 595.833333 312.76041700000013 594.6124024280583 357.11453950295254 638.888889 358.33333300000004 window 0
640.0000000000001 465.1041670000001 639.575841332975 412.6145739473017 621.5277780000001 412.7604170000001 621.9519366670253 465.2500100526984 window 0
635.416667 3.835625000000041 6.250000000000039 3.8356250000000025 6.250000000000078 638.98625 635.416667 638.98625 wall 0