102.96286189034402 373.6135069638839 1.4832740000000442 364.972768 -12.023563902194638 523.6013702231943 89.45602398814933 532.2421091870782 window 0
128.3990148340781 165.87821648986397 31.245179000000014 151.114643 14.888885539744294 258.74960351837865 112.04272137382236 273.5131770082426 window 0
138.11059921006344 14.152724453564273 52.76617688760663 4.454497804053961 44.710279677543184 75.34641635048969 130.054702 85.04464300000001 window 0
268.76889579535947 36.50729861493251 188.2113007663312 31.014736156362986 183.42567897097166 101.2038665414305 263.98327399999994 106.69642900000002 window 0
264.44831102537887 173.9615688571393 175.61051680082883 172.6960701722564 173.95500377545 288.91280531511717 262.792798 290.1783040000001 window 0
263.54743447399363 385.4432955787963 166.05888730439375 383.1391652944555 162.32805983040015 540.9917627156591 259.81660700000003 543.2958929999999 window 0
423.501905 554.6875 413.0513507665073 396.25194390316784 322.4739231878792 402.2265138959174 332.924477421372 560.6620699927495 window 0
404.1566670000001 306.919643 395.8050580064983 187.64947758453175 317.39731032127673 193.1397931923542 325.7489193147785 312.4099586078225 window 0
392.54595199999994 55.13392900000005 320.224524 55.13392900000005 320.224524 128.12500000000006 392.54595199999994 128.12500000000006 window 0
611.7890456784796 15.222129471457066 519.1664592760181 -0.026710972850608528 514.1482465975386 30.454284555692382 606.770833 45.70312500000006 window 0
651.9804447546522 140.20936799579664 529.6875 120.31250000000006 517.0479692413899 197.99937197975004 639.3409139960421 217.89623997554662 window 0
640 379.296875 639.5324543506874 271.90756958495433 557.291667 272.26562500000006 557.7592126493125 379.6549304150457 window 0
640 464.0625000000001 585.9375 464.0625000000001 585.9375 571.09375 640 571.09375 window 0
640 5.00000000000004 16 5.000000000000002 16.00000000000004 639 640 639 wall 0