554.6875 6.263558110180146e-14 467.1875 5.727775135553178e-14 467.1875 12.500000000000057 554.6875 12.500000000000062 window 0
373.4375 0.7812500000000377 292.3043955958955 0.3701025096877879 292.18749999999994 23.437500000000036 373.3206044041044 23.84864749031229 window 0
137.48219966969756 31.59642171034092 135.93749999999997 3.9062500000000027 42.169923851739945 9.137085887177614 43.714623521437545 36.82725759751853 window 0
116.42087442441424 131.20545864238304 115.10416699999999 95.70312499999999 8.57912557558576 99.65391635761694 9.895832999999998 135.15625 window 0
370.45683472386554 118.70206609221 367.4705640967548 82.25425003709177 278.5280680799236 89.54155534381638 281.5143387070344 125.9893713989346 window 0
564.583333 110.546875 562.8039273491272 74.95876198254362 469.05392734912715 79.6462619825436 470.833333 115.23437499999997 window 0
89.75918998055953 241.2202037298894 89.0625 195.703125 0.3449770194404751 197.0610462701106 1.041667 242.578125 window 0
362.8452699407285 232.34053458737168 361.9729391551517 189.53817041064852 262.1485022144233 191.57263582327687 263.02083300000004 234.37500000000003 window 0
570.8333329999999 227.73437500000003 569.445002726707 183.53919492968546 469.9658367267071 186.66419492968544 471.354167 230.859375 window 0
576.041667 366.015625 575.6154654218077 309.7570166786227 472.3928141095553 310.53900646129125 472.81901568774754 366.7976147826686 window 0
354.3775356160168 370.29413111774875 354.166667 314.0625 245.10163138398323 314.4714938822513 245.31250000000003 370.703125 window 0
58.85416700000004 317.1875 3.89399411916385e-14 317.1875 4.212115260348611e-14 369.140625 58.85416700000004 369.140625 window 0
346.180556 457.291667 230.55555600000005 457.291667 230.55555600000005 532.8125 346.180556 532.8125 window 0
596.0485440063173 459.4271310903218 474.15048739022046 458.5806168082655 473.61916538390335 535.0909857179439 595.5172220000001 535.9375000000001 window 0
628 3.8453909493226893e-14 0 0 3.8637606513098996e-14 631 628 631 wall 0