172.74801895350413 101.77911892256772 19.79166700000001 57.03125000000001 10.866954532252613 87.53753988975475 163.82330648575675 132.28540881232246 window 0
188.10566969285475 236.5610714398916 9.375000000000021 196.09374999999997 -2.8763122248560578 250.20371232644771 175.85435746799868 290.67103376633935 window 0
197.5634548671659 406.5125416010619 5.208333000000053 375.78125 -8.06582196928185 458.86762755764346 184.28929989788398 489.59891915870537 window 0
506.82053891192436 460.6343316408607 355.208333 438.28125 344.2211270880756 512.8031683591392 495.833333 535.1562499999999 window 0
460.15866241899715 299.7524382420737 328.1250000000001 270.3125 317.5671671655287 317.6627805909625 449.60082958452574 347.1027188330362 window 0
427.73517845382844 170.00106188141524 314.58333300000004 137.50000000000006 305.096107491375 170.52960003135806 418.24795294520334 203.0306619127732 window 0
394.33420943701583 60.997723921406305 296.875 31.250000000000043 292.1241235629841 46.81477607859379 389.5833329999999 76.56250000000006 window 0
541.2630534102034 106.70899393560325 462.5 83.59375000000006 458.66352115740233 96.66619642662901 537.4265745676057 119.7814403622322 window 0
582.9689888211366 208.89987423557636 488.5416670000001 188.28125000000006 481.6143451788634 220.0063757644238 576.041667 240.62500000000006 window 0
629.9106485403703 340.4978076435144 523.9583330000002 321.0937500000001 515.92268445963 364.97094235648575 621.8750000000001 384.3750000000001 window 0
651.0569568915106 487.1516628577739 569.08666 472.89595900000006 557.6130361084896 538.8692961422264 639.5833330000002 553.1250000000001 window 0
637 1.000000000000039 1.2246467991473532e-16 1 3.924992991267267e-14 640 637 640 wall 0