433.67736977559963 19.165710955340487 369.791667 2.842170943040401e-14 360.0726302244003 32.396789044659585 423.9583329999999 51.56250000000004 window 0
544.4662759721259 77.06367713247576 496.87499999999994 60.15625000000006 486.783724027874 88.56132286752438 534.3749999999999 105.46875000000007 window 0
68.75000000000001 2.343750000000009 1.4780405405405406 -8.868243243243244 -4.771959459459459 28.631756756756754 62.50000000000001 39.84375000000001 window 0
67.70833300000002 146.875 1.7986999862476747e-14 146.875 2.3871045030255048e-14 242.96875 67.70833300000002 242.96875 window 0
74.22977642799421 365.4367177501821 2.083333000000045 364.06249999999994 -0.27144342799410737 487.6882822498179 71.87500000000006 489.06250000000006 window 0
284.37500000000006 398.4375 178.12500000000006 398.4375 178.12500000000006 512.5 284.3750000000001 512.5 window 0
288.1431947528384 242.11562944628815 165.62499999999997 200 142.69832602008734 266.695778850655 265.2165207729257 308.8114082969432 window 0
271.5510205274224 72.29008943523739 161.45833299999998 28.125000000000007 144.0739794725776 71.45991056476265 254.16666700000002 115.62500000000003 window 0
462.33357959763305 158.52440816568048 387.5 127.34375000000003 373.7241124260355 160.4058801775148 448.55769202366855 191.58653834319526 window 0
577.272765791071 206.55835854752758 520.833333 182.8125000000001 506.84975530396855 216.04883011517583 563.2891880950395 239.79468866270332 window 0
491.8233019390318 304.50619869678064 411.45833300000004 282.03125000000006 395.6766980609683 338.46255130321947 476.0416670000001 360.9375000000001 window 0
593.2389932096833 387.2051888415807 580.0786161050124 317.01650954623 545.833333 323.4375 558.9937101046708 393.62617929535065 window 0
507.291667 548.4375 496.6369599755403 447.5507509330872 436.458333 453.90624999999994 447.1130400244597 554.7929990669128 window 0
632.291667 560.15625 617.669263855699 475.16353172375085 580.8883118194273 481.49143745042124 595.5107149637282 566.4841557266705 window 0
640 3.9188697572715304e-14 0 0 3.9188697572715304e-14 640 640 640 wall 0