407.083333 54.37499999999999 406.25 0.3124999999999991 331.66030468057164 1.4622443619814822 332.4936376805716 55.524744361981476 window 0
554.583333 104.06250000000003 545.4890686745965 -1.6583333548980903 484.4087864002273 3.595883949733441 493.5030507256308 109.31671730463154 window 0
565.416667 253.12500000000003 558.608000501305 143.92447095250188 495.7184927724928 147.84563954140432 502.5271592711879 257.04616858890245 window 0
412.916667 214.6875 409.7263894826552 98.24237061691356 334.166667 100.3125 337.3569445173449 216.75762938308645 window 0
237.41744146824388 45.58960414299547 141.8409511479339 42.793217481748385 138.17350967969006 168.14111333875297 233.75000000000003 170.93750000000003 window 0
26.250006973197742 2.52839458427487 3.0963670551707213e-16 2.5283749999999996 -0.00008556459677478226 117.21586163283277 26.249921408600972 117.21588121710764 window 0
234.4094695613835 244.00621902390418 131.88470417345894 239.60746725491612 125.80865161207547 381.22624823101194 228.33341700000003 385.62500000000006 window 0
421.250083 412.188 419.31094894222736 279.1142903156531 335.738074710536 280.3321041656842 337.6772087683087 413.4058138500312 window 0
229.66315928485466 530.6834206792887 118.47508040500074 528.0595132130974 115.83341700000008 640 227.02149587985394 642.6239074661913 window 0
432.083417 639.6874999999999 431.6622893310066 543.9863137822041 342.5000991362867 544.3786669682304 342.92122680528007 640.0798531860262 window 0
598.357 640.0000000000001 597.9802424497743 557.185044986479 528.750083 557.5 529.1268405502257 640.3149550135211 window 0
579.607 435.31250000000006 569.7719776477435 310.2847733458294 504.61346601570244 315.4103197785295 514.4484883679589 440.43804643270016 window 0
640 3.955609161245951e-14 6 7.347880794884119e-16 6.000000000000039 628 640 628 wall 0