274.40476200000006 62.053571000000005 274.10695931360266 1.0784612041197146 174.51270139161082 1.5648799684025465 174.8105040780082 62.539989764282836 window 0
278.47661535896316 135.15359289863034 172.619048 133.928571 170.92814664103685 280.04408510136966 276.785714 281.26910699999996 window 0
52.11713948547175 103.2825008852937 1.1546319456101628e-14 100.22321399999998 -8.664758485471712 247.83357011470625 43.45238100000003 250.892857 window 0
38.722937373409415 411.1746552190146 2.0833330000000547 409.82142899999997 -3.9296402044699335 572.6271419133385 32.70996416893943 573.9803681323531 window 0
280.65476200000006 420.535714 171.4285710000001 420.535714 171.4285710000001 572.107232 280.6547620000001 572.107232 window 0
482.73458300000004 570.533884 479.27191243684115 432.6585512984085 392.9943843177351 434.825368603769 396.457054880894 572.7007013053604 window 0
469.341726 304.6875 461.5400443952133 168.2467258860629 376.639407715602 173.10134313460534 384.44108932038864 309.5421172485424 window 0
459.520298 104.6875 456.8503211395653 -1.1937425026889876 374.10363100000006 0.8928569999999993 376.7736078604348 106.77409950268898 window 0
639.87 570.535714 636.4507896282564 446.5116467375293 574.6914289999999 448.214286 578.1106393717434 572.2383532624707 window 0
630.6438100000001 326.5625 617.6349008038463 199.19824988066784 548.3451919141124 206.2754597753592 561.3541011102662 333.6397098946913 window 0
612.786667 141.74107099999998 606.0736906650176 29.8581354251953 541.6997814580056 33.720570092974015 548.412757792988 145.6035056677787 window 0
640 2.000000000000039 2 2 2.000000000000039 640 640 640 wall 0