143.40236100000007 405.72916699999996 5.062616992290714e-14 403.6458329999999 -1.5092202331105282 507.53015721158755 141.89314076688947 509.61349121158764 window 0
158.33291700000004 223.95833300000004 3.669583307745361 217.7538159075051 0.6940279583414828 291.9270840384451 155.35736165059618 298.13160113094006 window 0
175.346806 81.25 32.129074331574095 72.90181617306543 28.804056460741556 129.94434507392654 172.02178812916745 138.29252890086113 window 0
448.5544664550913 94.19211587526252 312.84680599999996 87.76041700000005 310.1022137168306 145.67080815412842 445.80987417192193 152.1025070293909 window 0
431.58701399999995 5.2726598170365986e-14 312.837014 4.545525780042858e-14 312.837014 21.875000000000043 431.58701399999995 21.87500000000005 window 0
468.6850258009001 231.76403521872612 313.531458 226.30208300000004 310.76055641227003 305.0129999295798 465.91412421317017 310.4749521483059 window 0
489.2981169147407 412.935244744425 313.184236 410.4166670000001 311.72313308525935 512.5856412555751 487.83701400000007 515.104219 window 0
639.9310856534373 368.8860811351288 607.986111 368.7500000000001 607.6383583465628 450.3847518648713 639.583333 450.520833 window 0
626.736111 284.37499999999994 610.5879726810074 214.36691198527996 575.5972015052531 222.43791961964777 591.7453398242458 292.4460076343678 window 0
595.8333330000002 147.39583300000004 583.016781924805 90.62251634136348 553.9481588456828 97.18474511899981 566.764709920878 153.95806177763637 window 0
572.569444 36.19791699999999 563.6317659836934 -5.8498003786316275 534.9267031534521 0.25175816030889564 543.8643811697588 42.29947553894051 window 0
638.8888889999998 5.684341886080802e-14 620.8449769638275 -12.52362860772439 594.4560879638277 25.49720439227565 612.4999999999999 38.020833000000096 window 0
631 3.8637606513098996e-14 0 0 3.759665673382374e-14 614 631 614 wall 0