628.4907307175716 87.5062468047804 572.9166670000001 68.75000000000006 564.1702613772951 94.66527550448156 619.7443250948667 113.4215223092619 window 0
512.8801100203773 45.580385331320855 442.7083329999999 18.750000000000057 430.8580971509433 49.74292452830191 501.02987417132067 76.57330985962271 window 0
546.2551704066101 174.28997958085353 464.583333 146.09375000000006 448.28758778029635 193.29521891224522 529.9594251869064 221.4914484930987 window 0
640.3179977300531 191.14148978086288 604.166667 189.84375000000006 602.3903362699469 239.32726021913726 638.541667 240.62500000000006 window 0
344.3041442017432 108.44745314654989 240.62499999999997 82.81250000000003 228.61252279825675 131.39629685345017 332.29166699999996 157.03125000000003 window 0
177.92202460438457 60.791064110927266 40.625 16.406250000000004 23.179637128159015 70.37057233469437 160.4766617325436 114.75538644562164 window 0
186.19208631048247 222.9273063965167 44.79166700000001 189.06250000000003 26.74957000840093 264.3961679377832 168.14998931888337 298.26097433429993 window 0
370.22832180577774 263.7833926254178 256.25000000000006 242.18750000000006 244.35501119422239 304.96660737458234 358.33333300000004 326.56250000000006 window 0
191.7433805313501 396.70638184828545 43.75000000000006 392.1875 40.54828646864998 497.04361815171455 188.54166700000005 501.5625 window 0
389.3658847140407 431.33236221790116 272.9166670000001 423.4375 266.7238588787533 514.78141978839 383.1730765927939 522.6762820062911 window 0
573.3673878076924 310.5068109615385 489.58333300000004 293.7500000000001 478.64583300000004 348.4375000000001 562.4298878076924 365.1943109615386 window 0
634 1.0000000000000389 1.2246467991473532e-16 1 3.924992991267267e-14 640 634 640 wall 0