244.0460713145146 91.76961675689306 236.44769997556477 56.376337189092936 147.16353366105022 75.54422043219988 154.76190500000004 110.9375 window 0
220.5011137176133 213.89165483637333 212.8993919562025 165.74982463262944 117.10065923858923 180.8766967962561 124.70238100000003 229.01852700000003 window 0
191.2613830496681 358.1572816149951 184.6482258196532 293.5636509339227 81.1844617699851 304.1563693189277 87.79761900000003 368.75000000000006 window 0
165.13900961988918 539.3441830614879 162.48744 454.24107100000003 42.57354938011083 457.9772449385121 45.22511900000001 543.0803570000002 window 0
444.0145246057954 529.543451241562 441.06089299999996 432.36607100000003 297.0358323942046 436.743601758438 299.98946399999994 533.920982 window 0
455.64416290606823 324.8424456338996 446.418036 255.13392900000002 313.6800040939318 272.7021973661004 322.9061310000001 342.410714 window 0
459.2024438139199 170.33839025679046 450.287083 117.633929 330.3598181860801 137.92053874320953 339.275179 190.625 window 0
463.7096474521707 40.4243844239971 455.04898800000007 1.116070999999991 343.7097575478293 25.647043576002886 352.370417 64.95535699999999 window 0
649.0919366590565 133.5602024508712 638.6904759999999 77.45535700000003 576.5033013409435 88.98444054912883 586.9047620000001 145.089286 window 0
645.535918821686 301.06906277308 639.583333 225.66964299999995 592.3779415350101 229.39638446282964 598.330527356696 304.7958042359097 window 0
645.6078554739815 518.4209038925529 639.880952 414.06401800000003 606.2045085516936 415.9121158933583 611.9314120256752 520.2690017859112 window 0
629 4.445467880904892e-14 97 1.1879073951729325e-14 97.00000000000004 623 629 623 wall 0