478.7062186809186 17.138644119682652 412.6934028897863 -8.81785040630109 401.8637131459043 18.724324575083486 467.8765289370366 44.68081910106723 window 0
488.0952380000001 202.90223199999997 478.8189947724742 103.38366898934783 418.90571723771177 108.96825660956127 428.1819604652377 208.4868196202134 window 0
508.3333329999999 349.77678599999996 494.84682659711393 238.80209726967024 430.9147380156925 246.57162140051443 444.40124441857853 357.5463101308441 window 0
527.97619 533.7053569999999 515.4853909343877 408.2422104337281 449.54376024194863 414.80719530442866 462.03455930756087 540.2703418707006 window 0
368.45238100000006 513.169643 360.0277338585971 376.7956646710604 274.9747228599048 382.0499046276709 283.39937000130766 518.4238829566104 window 0
355.35714299999995 314.95535700000005 348.464498282902 199.7907553247602 269.985669141897 204.4877427602586 276.878313858995 319.65234443549843 window 0
345.83333300000004 159.82142900000002 339.5474617040665 52.333012239093605 266.736210507994 56.59097944808552 273.0220818039275 164.0793962089919 window 0
177.09063908878142 0.004135504276223752 84.52986852065102 -0.00013721483518858244 84.52494343186962 106.6930482808886 177.085714 106.69732100000002 window 0
174.40714300000002 151.785714 77.08571400000002 151.785714 77.08571400000002 272.759955 174.40714300000002 272.759955 window 0
174.2011223697997 342.66185989655776 67.88672894554647 342.16538975578135 67.19989257574686 489.24491385922363 173.51428600000008 489.74138400000004 window 0
640 3.949485927250214e-14 5 6.123233995736766e-16 5.000000000000039 640 640 640 wall 0