567.7470463368389 54.78036143760926 494.444444 28.908854000000048 484.4780977172285 57.14683433721187 557.7807000540673 83.01834177482108 window 0
420.49070955890016 1.412990289559338 349.65277799999996 4.263256414560601e-14 348.95373544109975 35.04534271044076 419.79166699999996 36.45833300000005 window 0
587.152778 238.80208299999998 568.3011771580573 136.11047221116883 509.7446261403169 146.85998444481427 528.5962269822596 249.55159523364546 window 0
614.537118 384.88721300000003 595.8495818879671 276.0990538686206 532.8856117298441 286.91495033641445 551.5731478418769 395.70310946779387 window 0
644.7949512731143 572.159958460798 626.5985260128555 442.5090712691291 560.416667 451.797656 578.6130922602586 581.4485431916688 window 0
483.33333300000004 555.989583 467.73013439228146 414.8579402411201 382.6821702875384 424.2606528374413 398.28536889525697 565.3922955963212 window 0
459.375 356.25 445.76101956521427 237.46802407187033 367.70436380409535 246.4143459025465 381.31834423888114 365.1963218306762 window 0
439.93055599999997 200.26041699999996 425.4372716517174 90.8361227444739 353.35062467669763 100.3840232306629 367.84390902498023 209.80831748618897 window 0
291.67046703421835 81.19957564796059 178.11701399999998 47.91666700000002 155.9755378160416 123.45817398056391 269.52899085025996 156.7410826285245 window 0
73.54601633173792 1.4812892687534587 0 0 -2.0262243317379056 100.60204373124651 71.51979200000001 102.08333299999998 window 0
66.51467811478093 161.32255752557765 1.9539925233402755e-14 158.59375 -4.7171091147808895 273.5732754744223 61.797569000000024 276.302083 window 0
280.501709169221 202.09318931289758 176.03368100000006 200.26041700000002 173.99620783077907 316.3963946871025 278.464236 318.229167 window 0
285.408681 535.15625 278.4010334126665 383.9765643588505 172.9931410373606 388.8625472841164 180.00078862469408 540.0422329252659 window 0
56.71856874737572 363.052843814752 4.263256414560601e-14 359.895833 -8.115443747375622 505.697156185248 48.603125000000055 508.8541670000001 window 0
640 3.9188697572715304e-14 0 0 3.9188697572715304e-14 640 640 640 wall 0